0.992677 0.069729
1.000245 0.070471
1.074548 0.078009
1.154500 0.087404
1.326566 0.114558
1.507014 0.146097
1.671138 0.174915
1.851589 0.207275
2.030383 0.247520
2.221229 0.307556
2.394380 0.367626
2.566533 0.430612
2.733484 0.506018
2.876334 0.591881
3.011186 0.690695
3.132515 0.804673
3.237351 0.934103
3.326945 1.074901
3.417667 1.235878
3.514388 1.413295
3.591835 1.582300
3.657284 1.756753
3.702231 1.882789
3.755892 2.056799
3.800182 2.217119
3.842958 2.427645
3.854535 2.559086
3.857696 2.741783
3.858975 2.907425
3.860281 3.090079
3.860680 3.272615
3.853217 3.455501
3.841994 3.638106
3.835976 3.804293
3.835940 3.837602
3.835940 3.837602
3.835940 3.837602
3.835988 3.854262
3.839567 4.253939
3.842677 4.386636
3.867282 4.635027
3.894293 4.800622
3.922147 4.965031
3.959370 5.144492
3.991190 5.256774
4.062293 5.444440
4.127919 5.598721
4.219779 5.813182
4.285486 5.966422
4.331585 6.073888
4.409486 6.258341
4.467237 6.414086
4.533038 6.602698
4.587721 6.777598
4.631957 6.938273
4.678073 7.115832
4.715533 7.296515
4.746674 7.477229
4.763958 7.660076
4.770171 7.826864
4.776435 8.010100
4.789865 8.193098
4.815177 8.357840
4.858688 8.553128
4.913525 8.727486
4.971967 8.900658
5.010270 9.010910
5.073201 9.167744
5.160601 9.332145
5.287996 9.490043
5.435111 9.598767
5.607304 9.659146
5.740417 9.672160
5.925307 9.667954
6.114762 9.655701
6.257575 9.643646
6.454357 9.612286
6.639576 9.553145
6.803453 9.473316
6.933598 9.403614
7.108671 9.309291
7.252966 9.231469
7.411019 9.146164
7.553036 9.066410
7.706614 8.970342
7.846967 8.880879
7.987418 8.791247
8.127799 8.701611
8.295885 8.594243
8.434396 8.504249
8.586457 8.402261
8.737046 8.297804
8.854746 8.204970
8.995280 8.063106
9.091854 7.927481
9.196574 7.757181
9.291127 7.600306
9.372714 7.454230
9.448152 7.282567
9.494563 7.101476
9.505219 6.968605
9.499041 6.769178
9.489633 6.602888
9.480082 6.436622
9.469429 6.252221
9.459606 6.082735
9.446055 5.849516
9.437395 5.700743
9.429225 5.567997
9.411080 5.385755
9.377499 5.205614
9.331076 4.994087
9.285534 4.799610
9.257862 4.686549
9.207673 4.493692
9.148465 4.320128
9.083192 4.185261
8.965636 4.024145
8.839306 3.915975
8.669893 3.810062
8.524800 3.727032
8.510362 3.718799
8.333802 3.618221
8.123215 3.495200
7.949705 3.381025
7.785163 3.270941
7.649764 3.175602
7.518229 3.074038
7.440415 3.011463
7.263767 2.854841
7.131530 2.727118
7.022088 2.601263
6.921874 2.445975
6.857460 2.274405
6.838957 2.125227
6.864077 1.960619
6.917387 1.819231
7.017344 1.621894
7.099136 1.468012
7.175013 1.328997
7.262375 1.189286
7.381732 1.042179
7.505330 0.935959
7.679359 0.844385
7.871095 0.791112
7.968073 0.776376
8.162263 0.752769
8.343247 0.737487
8.528907 0.740271
8.662525 0.760364
8.820774 0.812722
8.985541 0.920786
9.089529 1.049147
9.158812 1.233922
9.181390 1.364017
9.199187 1.546867
9.212413 1.702545
9.226219 1.866381
9.238861 2.034245
9.244840 2.240065
9.246954 2.403022
9.243741 2.566638
9.224757 2.748113
9.178913 2.924954
9.089881 3.099934
8.978357 3.221855
8.858759 3.309926
8.731773 3.385332
8.535901 3.478423
8.389753 3.523481
8.193052 3.542375
8.003587 3.509964
7.891828 3.472655
7.725120 3.396234
7.562094 3.310391
7.441399 3.250528
7.270408 3.173388
7.116918 3.104861
6.935817 3.025049
6.783482 2.966716
6.591455 2.911275
6.392878 2.870806
6.227548 2.849740
6.128228 2.838232
5.927182 2.822616
5.723104 2.830978
5.526284 2.877286
5.372694 2.944696
5.224386 3.020787
5.074779 3.095135
4.919675 3.158973
4.790002 3.196795
4.570448 3.220305
4.376001 3.185804
4.271496 3.137192
4.125527 3.025583
3.993630 2.888911
3.884017 2.767642
3.759753 2.628732
3.647042 2.491893
3.544070 2.359010
3.439973 2.210233
3.333212 2.008595
3.268446 1.838498
3.231154 1.694980
3.199562 1.532965
3.172140 1.387090
3.136152 1.194359
3.109915 1.031235
3.094251 0.832755
3.090328 0.667304
3.087057 0.501048
3.084982 0.334449
3.085387 0.168080
3.086354 -0.064103
3.086889 -0.180206
3.089064 -0.329948
3.104371 -0.529228
3.136886 -0.692244
3.180479 -0.853074
3.237264 -1.062082
3.294542 -1.287936
3.335488 -1.450183
3.376607 -1.613309
3.417218 -1.774532
3.465953 -1.968124
3.498549 -2.097658
3.539212 -2.259295
3.587990 -2.453252
3.628625 -2.614868
3.669250 -2.776475
3.709867 -2.938083
3.758600 -3.132018
3.809134 -3.325496
3.855690 -3.485513
3.913121 -3.677080
3.961785 -3.818934
4.041928 -4.002079
4.114988 -4.151895
4.190993 -4.300468
4.267638 -4.448502
4.361569 -4.625283
4.449240 -4.768057
4.552490 -4.899088
4.669193 -5.017818
4.815598 -5.153909
4.929918 -5.250921
5.072897 -5.365377
5.212130 -5.458362
5.395949 -5.540110
5.558629 -5.574264
5.757878 -5.572007
5.955665 -5.544536
6.086302 -5.519305
6.251879 -5.485567
6.436927 -5.447717
6.607519 -5.414833
6.771932 -5.384922
6.967155 -5.352562
7.131285 -5.333091
7.330141 -5.315571
7.462983 -5.304024
7.630026 -5.289556
7.796254 -5.275193
8.030708 -5.254973
8.197348 -5.240573
8.379137 -5.220834
8.526510 -5.194380
8.685917 -5.146721
8.889564 -5.034715
8.986193 -4.943279
9.093804 -4.775670
9.126015 -4.698009
9.189189 -4.468810
9.228886 -4.298144
9.276362 -4.118177
9.318014 -3.980180
9.377682 -3.783844
9.424626 -3.626767
9.463752 -3.468442
9.491054 -3.269911
9.484597 -3.084588
9.443012 -2.923920
9.332900 -2.761397
9.184653 -2.792487
9.103048 -2.895541
9.040976 -3.015152
9.027491 -3.045091
8.970956 -3.173268
8.942895 -3.237235
8.898710 -3.338027
8.730566 -3.721820
8.715607 -3.755976
8.692434 -3.808886
8.659957 -3.883039
8.585919 -4.051641
8.516936 -4.197648
8.422838 -4.368412
8.341029 -4.504120
8.211301 -4.678746
8.103169 -4.789931
7.975288 -4.886140
7.825266 -4.964778
7.675390 -5.035884
7.551962 -5.091830
7.359220 -5.159948
7.190815 -5.191821
7.020649 -5.200667
6.822461 -5.204106
6.656430 -5.206814
6.490926 -5.208215
6.326330 -5.207692
6.128867 -5.204777
5.963927 -5.197736
5.797636 -5.189896
5.631324 -5.180354
5.401513 -5.146079
5.242512 -5.097604
5.089596 -5.033514
4.907441 -4.951722
4.758376 -4.878375
4.642287 -4.812490
4.504797 -4.715353
4.375711 -4.605246
4.252425 -4.492416
4.108387 -4.353776
3.988446 -4.238056
3.869631 -4.120857
3.736738 -3.971770
3.626100 -3.806357
3.556370 -3.655729
3.494246 -3.465737
3.455806 -3.338322
3.408098 -3.179598
3.350330 -2.987139
3.304239 -2.825312
3.261023 -2.628091
3.231729 -2.464856
3.199874 -2.267791
3.183739 -2.085292
3.179475 -1.919107
3.176804 -1.786542
3.173554 -1.620602
3.169702 -1.420854
3.165892 -1.221334
3.162735 -1.054954
3.159590 -0.888489
3.156456 -0.721899
3.152707 -0.521949
3.149590 -0.355320
3.141469 -0.155530
3.123619 0.010117
3.078468 0.204620
3.025110 0.326523
2.902487 0.431063
2.704486 0.419856
2.577152 0.378900
2.420161 0.328482
2.320009 0.329937
2.238871 0.280066
2.140038 0.327012
2.014669 0.351563
1.886764 0.437882
1.811807 0.532694
1.742448 0.669504
1.632933 1.001728
1.590170 1.151723
1.532409 1.324448
1.466902 1.470128
1.384282 1.601445
1.251414 1.738977
1.080598 1.834020
0.983027 1.859083
0.809748 1.855151
0.609770 1.768658
0.527616 1.701179
0.420746 1.588754
0.297031 1.440771
0.191146 1.311632
0.070961 1.151809
-0.020033 0.998421
-0.081114 0.846111
-0.115097 0.687229
-0.125264 0.488996
-0.098938 0.326191
-0.033521 0.177252
0.072883 0.053413
0.217312 -0.027272
