0.399230 0.509518
0.412949 0.508921
0.434681 0.507975
0.454442 0.507115
0.469368 0.506465
0.484315 0.505815
0.512693 0.504582
0.536035 0.503569
0.563906 0.502357
0.581640 0.501584
0.602984 0.500651
0.613832 0.500177
0.631814 0.499392
0.642006 0.498939
0.653712 0.498430
0.666527 0.497873
0.689716 0.496864
0.703217 0.496278
0.736089 0.494852
0.769001 0.493416
0.793919 0.492327
0.823175 0.491052
0.873009 0.488869
0.902946 0.487560
0.960612 0.485044
0.986996 0.483893
1.030478 0.481997
1.075315 0.480040
1.123817 0.477925
1.173647 0.475753
1.223542 0.473578
1.273455 0.471404
1.356664 0.467780
1.406596 0.465606
1.456532 0.463433
1.539762 0.459811
1.589702 0.457638
1.656291 0.454741
1.706233 0.452569
1.739529 0.451120
1.806120 0.448224
1.889362 0.444605
1.939307 0.442433
1.989254 0.440262
2.072497 0.436643
2.122447 0.434419
2.205632 0.429122
2.255400 0.424228
2.305004 0.417858
2.370759 0.406694
2.451923 0.387903
2.499939 0.374062
2.531664 0.363713
2.609137 0.332880
2.639229 0.318367
2.697166 0.285336
2.751752 0.246799
2.789809 0.214320
2.847185 0.154483
2.868376 0.128866
2.907739 0.074953
2.925592 0.046783
2.964314 -0.027166
2.982911 -0.073588
2.997901 -0.121043
3.016356 -0.202045
3.024325 -0.251321
3.030605 -0.300872
3.038719 -0.383763
3.042748 -0.433584
3.046532 -0.483435
3.052691 -0.566536
3.056470 -0.614396
3.060488 -0.657399
3.064933 -0.697357
3.071955 -0.750316
3.082974 -0.822305
3.091021 -0.870739
3.099576 -0.919982
3.108214 -0.969224
3.119773 -1.034876
3.128459 -1.084114
3.142955 -1.166174
3.151661 -1.215409
3.160372 -1.264643
3.174899 -1.346699
3.183619 -1.395932
3.192343 -1.445164
3.203977 -1.510807
3.212646 -1.560050
3.220933 -1.609358
3.234070 -1.691637
3.241879 -1.741021
3.249668 -1.790409
3.260036 -1.856264
3.267687 -1.905675
3.274910 -1.955151
3.281651 -2.004693
3.291715 -2.087425
3.296642 -2.137186
3.302760 -2.220268
3.305788 -2.270167
3.308742 -2.320077
3.311666 -2.369990
3.314575 -2.419904
3.317473 -2.469819
3.320363 -2.519735
3.324208 -2.586290
3.327085 -2.636207
3.331874 -2.719402
3.334743 -2.769319
3.338564 -2.835876
3.341428 -2.885794
3.346195 -2.968990
3.349053 -3.018908
3.351910 -3.068826
3.356668 -3.152024
3.359483 -3.201945
3.362670 -3.268531
3.364655 -3.318483
3.366568 -3.368443
3.369696 -3.451715
3.371555 -3.501680
3.374022 -3.568300
3.375865 -3.618265
3.377703 -3.668231
3.380757 -3.751508
3.382586 -3.801474
3.385019 -3.868096
3.386826 -3.917616
3.389452 -3.989624
3.390910 -4.029726
3.392364 -4.069755
3.393744 -4.107745
3.395328 -4.151367
3.396435 -4.181932
3.397373 -4.207828
3.398355 -4.235005
3.398932 -4.251037
3.399479 -4.266249
3.400083 -4.283007
3.400456 -4.293478
3.415633 -4.292196
3.435147 -4.288535
3.448240 -4.285530
3.474112 -4.278752
3.493092 -4.273380
3.522050 -4.264846
3.553848 -4.255339
3.580996 -4.247168
3.637046 -4.230273
3.675112 -4.218792
3.713339 -4.207255
3.751590 -4.195705
3.789850 -4.184149
3.860340 -4.163156
3.904053 -4.150734
3.951880 -4.137751
4.016614 -4.122041
4.082000 -4.108846
4.147943 -4.099067
4.197670 -4.094039
4.247632 -4.091082
4.297644 -4.090549
4.347662 -4.092639
4.430305 -4.102617
4.463022 -4.108639
4.527969 -4.123329
4.592237 -4.140803
4.640226 -4.154775
4.688181 -4.168908
4.736127 -4.183080
4.800048 -4.202004
4.863965 -4.220948
4.927879 -4.239903
4.975813 -4.254125
5.023746 -4.268352
5.071677 -4.282581
5.135585 -4.301559
5.183516 -4.315795
5.231445 -4.330034
5.279373 -4.344275
5.343277 -4.363265
5.391205 -4.377510
5.471085 -4.401255
5.519012 -4.415503
5.566937 -4.429753
5.630837 -4.448754
5.710712 -4.472509
5.758637 -4.486763
5.806562 -4.501018
5.886437 -4.524779
5.934362 -4.539037
6.014237 -4.562801
6.062160 -4.577060
6.110082 -4.591321
6.158004 -4.605582
6.205926 -4.619844
6.269822 -4.638860
6.317744 -4.653124
6.397614 -4.676897
6.445537 -4.691162
6.509433 -4.710182
6.557355 -4.724449
6.637225 -4.748226
6.685147 -4.762494
6.733069 -4.776762
6.780992 -4.791030
6.844885 -4.810056
6.892804 -4.824325
6.972670 -4.848108
7.004616 -4.857622
7.084481 -4.881407
7.132401 -4.895679
7.196293 -4.914708
7.244212 -4.928980
7.324078 -4.952768
7.387970 -4.971800
7.435889 -4.986073
7.499782 -5.005105
7.547701 -5.019381
7.627566 -5.043172
7.675486 -5.057447
7.739378 -5.076482
7.787297 -5.090759
7.835217 -5.105035
7.915082 -5.128829
7.963001 -5.143107
8.010921 -5.157385
8.042867 -5.166904
8.122731 -5.190701
8.170648 -5.204978
8.215303 -5.218285
8.267569 -5.233861
8.301211 -5.243889
8.340922 -5.255729
8.365810 -5.263150
8.393957 -5.271544
8.422874 -5.280168
8.436759 -5.284310
8.453377 -5.289268
8.464723 -5.292655
8.476104 -5.289064
8.479817 -5.279607
8.490026 -5.253302
8.499713 -5.228257
8.507522 -5.208050
8.516455 -5.184935
8.531430 -5.146172
8.541639 -5.119741
8.560331 -5.071345
8.572869 -5.038883
8.585453 -5.006300
8.599296 -4.970453
8.614937 -4.929946
8.644317 -4.853872
8.662301 -4.807301
8.680296 -4.760700
8.710296 -4.683009
8.728297 -4.636386
8.758302 -4.558675
8.776306 -4.512045
8.794311 -4.465413
8.824318 -4.387691
8.842322 -4.341056
8.872330 -4.263329
8.890334 -4.216692
8.908339 -4.170054
8.926343 -4.123417
8.956350 -4.045685
8.962352 -4.030139
8.992359 -3.952407
9.010364 -3.905767
9.028368 -3.859127
9.058375 -3.781393
9.076380 -3.734753
9.094384 -3.688112
9.124392 -3.610377
9.142335 -3.563707
9.159912 -3.516899
9.176911 -3.469868
9.192998 -3.422525
9.217236 -3.342782
9.229872 -3.294410
9.240923 -3.245624
9.250035 -3.196462
9.258828 -3.130354
9.263227 -3.063835
9.263398 -3.013803
9.258941 -2.947262
9.251588 -2.897745
9.230766 -2.817129
9.225330 -2.801393
9.199374 -2.740012
9.175323 -2.696184
9.137273 -2.641447
9.104277 -2.603891
9.067751 -2.569857
9.014157 -2.530507
8.970791 -2.505883
8.909555 -2.480032
8.861666 -2.466132
8.796106 -2.455181
8.729672 -2.453065
8.679986 -2.457305
8.614871 -2.470647
8.583127 -2.480548
8.536927 -2.499318
8.478688 -2.531352
8.438098 -2.560321
8.388870 -2.604982
8.356101 -2.642571
8.318568 -2.697428
8.295404 -2.741589
8.266973 -2.819622
8.253833 -2.884778
8.249745 -2.934478
8.250653 -2.984337
8.259611 -3.050199
8.272052 -3.098490
8.289142 -3.145310
8.310157 -3.190549
8.343344 -3.248204
8.371330 -3.289548
8.422290 -3.355353
8.454715 -3.393373
8.488263 -3.430398
8.522451 -3.466854
8.556823 -3.503160
8.602711 -3.551516
8.637079 -3.587831
8.671152 -3.624429
8.726716 -3.686546
8.769591 -3.737621
8.800454 -3.776964
8.830034 -3.817312
8.875702 -3.887003
8.900798 -3.930306
8.930919 -3.989818
8.950706 -4.035801
8.967717 -4.082826
8.985751 -4.147173
8.997203 -4.212992
9.001031 -4.263074
9.000390 -4.313475
8.992023 -4.380198
8.980125 -4.429108
8.956973 -4.491932
8.934350 -4.536672
8.897587 -4.592324
8.865413 -4.630526
8.803971 -4.686336
8.763012 -4.714554
8.719479 -4.738465
8.658863 -4.763124
8.611705 -4.776461
8.563483 -4.785525
8.464332 -4.792861
8.431101 -4.792180
8.348490 -4.783814
8.315741 -4.778047
8.270184 -4.767960
8.216584 -4.753024
8.162590 -4.734390
8.135927 -4.723485
8.107119 -4.710742
8.091066 -4.703170
8.074674 -4.694851
8.063376 -4.688836
8.054182 -4.683746
8.068899 -4.693249
8.089798 -4.703476
8.123856 -4.717570
8.142605 -4.723998
8.171563 -4.732566
8.195645 -4.738763
8.221891 -4.744907
8.260772 -4.753222
8.293598 -4.759953
8.327763 -4.766895
8.374954 -4.776440
8.413886 -4.784304
8.456625 -4.792929
8.500613 -4.801805
8.577419 -4.817295
8.626313 -4.827153
8.675319 -4.837061
8.740552 -4.850809
8.789356 -4.861672
8.838050 -4.873016
8.902745 -4.889152
8.950984 -4.902341
9.030519 -4.927340
9.077391 -4.944758
9.123517 -4.964019
9.183743 -4.992682
9.227608 -5.016689
9.270237 -5.042908
9.324538 -5.081604
9.360566 -5.111192
9.400642 -5.149419
9.431808 -5.185572
9.449336 -5.209670
9.466205 -5.238575
9.474239 -5.255910
9.479184 -5.270204
9.482268 -5.283762
9.483950 -5.303622
9.482447 -5.328474
9.478908 -5.347243
9.470319 -5.376595
9.452353 -5.414595
9.442205 -5.430912
9.410735 -5.470199
9.385527 -5.494254
9.344190 -5.524956
9.310278 -5.544307
9.259666 -5.565897
9.190524 -5.583583
9.151862 -5.588279
9.107000 -5.589096
9.078143 -5.586372
9.051789 -5.581074
9.026335 -5.573237
8.992236 -5.558369
8.948221 -5.530479
8.921583 -5.508349
8.896319 -5.482283
8.856500 -5.428515
8.849497 -5.416622
8.817954 -5.348472
8.800562 -5.287535
8.792889 -5.238715
8.790079 -5.189125
8.793610 -5.124056
8.804241 -5.058787
8.811716 -5.026431
8.835464 -4.946760
8.852686 -4.899889
8.871808 -4.853763
8.907105 -4.778367
8.929923 -4.733910
8.953788 -4.690004
8.978448 -4.646539
9.020164 -4.574412
9.045415 -4.531260
9.070765 -4.488165
9.104331 -4.430567
9.137310 -4.372623
9.169108 -4.314029
9.192043 -4.269581
9.213843 -4.224579
9.247050 -4.148133
9.264733 -4.101358
9.285278 -4.037913
9.298053 -3.989546
9.313339 -3.907657
9.318655 -3.857903
9.320681 -3.807949
9.316161 -3.724740
9.304915 -3.659026
9.291712 -3.610804
9.274343 -3.563881
9.244471 -3.504302
9.217173 -3.462405
9.185883 -3.423441
9.142155 -3.379771
9.110268 -3.353963
9.068258 -3.327018
9.025913 -3.306330
9.003671 -3.299366
8.981358 -3.293972
8.966431 -3.292349
8.957252 -3.306502
8.952628 -3.318828
8.948808 -3.335212
8.947086 -3.349937
8.946193 -3.368358
8.947039 -3.394818
8.951592 -3.434620
8.956229 -3.461152
8.964724 -3.499998
8.975419 -3.542184
8.984653 -3.575819
8.998634 -3.624119
9.010671 -3.662137
9.024684 -3.703363
9.046155 -3.759215
9.064900 -3.803748
9.098955 -3.879638
9.126754 -3.940226
9.147650 -3.985649
9.175354 -4.046286
9.195564 -4.092029
9.227289 -4.169088
9.250642 -4.231557
9.266525 -4.278996
9.280594 -4.326986
9.296330 -4.391798
9.307971 -4.457456
9.313797 -4.507163
9.317086 -4.573772
9.314791 -4.640489
9.309047 -4.690158
9.295737 -4.755625
9.281304 -4.803512
9.256571 -4.865076
9.217696 -4.938423
9.190690 -4.980355
9.161239 -5.020602
9.118728 -5.071814
9.084711 -5.108337
9.049182 -5.143438
8.999502 -5.187923
8.960422 -5.219119
8.891676 -5.266321
8.862959 -5.283246
8.818532 -5.306381
8.741290 -5.337899
8.693270 -5.352049
8.646023 -5.362093
8.587960 -5.368561
8.548696 -5.369307
8.513607 -5.366778
8.476985 -5.360483
8.454781 -5.353598
8.430419 -5.343443
8.419896 -5.337188
8.412773 -5.327182
8.400715 -5.300269
8.394575 -5.281450
8.389655 -5.263743
8.385166 -5.244381
8.378992 -5.213171
8.374970 -5.188589
8.370919 -5.160372
8.366235 -5.122746
8.363562 -5.099468
8.361235 -5.077982
8.358959 -5.056543
8.355630 -5.026982
8.353065 -5.007498
8.349696 -4.984510
8.343930 -4.952193
8.338231 -4.924559
8.331109 -4.895805
8.321998 -4.863673
8.314847 -4.843337
8.306727 -4.822496
8.298354 -4.803929
8.291971 -4.791106
8.285167 -4.778025
8.278251 -4.764862
8.266472 -4.742465
8.261740 -4.733470
8.255614 -4.721828
8.245233 -4.702103
8.238824 -4.689941
8.232447 -4.677844
8.225818 -4.665268
8.214314 -4.643450
8.205763 -4.627230
8.197496 -4.611548
8.189822 -4.596973
8.178290 -4.575093
8.173061 -4.565173
8.166373 -4.552475
8.157820 -4.536255
8.153054 -4.527210
8.147395 -4.516468
8.137290 -4.497300
8.130976 -4.485324
8.120808 -4.466043
8.105366 -4.436759
8.095796 -4.418607
8.086512 -4.400988
8.079620 -4.387892
8.074557 -4.378291
8.069001 -4.367753
8.061893 -4.354266
8.054980 -4.341152
8.046604 -4.325261
8.051801 -4.343907
8.058991 -4.357352
8.065984 -4.370426
8.074466 -4.386281
8.081260 -4.398968
8.070645 -4.399332
8.045910 -4.395057
8.031301 -4.392534
7.996739 -4.386564
7.961988 -4.380564
7.929339 -4.374927
7.902664 -4.370322
7.863390 -4.363876
7.830387 -4.358827
7.795802 -4.354325
7.744474 -4.348546
7.704789 -4.344378
7.646757 -4.338423
7.601547 -4.333823
7.512915 -4.327254
7.551312 -4.447005
7.557957 -4.501981
7.565798 -4.588506
7.569237 -4.774270
7.563527 -4.871298
7.556997 -4.936486
7.538453 -5.065803
7.521239 -5.160008
7.496980 -5.279517
7.475030 -5.390613
7.462320 -5.468422
7.452445 -5.566181
7.450873 -5.613319
7.453987 -5.683938
7.449406 -5.763960
7.423185 -5.784307
7.393819 -5.794279
7.378773 -5.791138
7.361054 -5.777350
7.350417 -5.762024
7.338157 -5.735830
7.321026 -5.737396
7.290439 -5.735365
7.271497 -5.734062
7.240878 -5.731966
7.216024 -5.730010
7.178247 -5.726850
7.151356 -5.724561
7.122066 -5.722054
7.102932 -5.720410
7.083590 -5.718609
7.066222 -5.716780
7.050884 -5.714509
7.025734 -5.710344
6.995355 -5.705030
6.973267 -5.701142
6.941641 -5.695570
6.914601 -5.690802
6.876401 -5.684064
6.844419 -5.678421
6.800687 -5.670704
6.764494 -5.664196
6.710164 -5.653650
6.668609 -5.644470
6.577534 -5.622540
6.529949 -5.610799
6.481518 -5.598815
6.416855 -5.582769
6.384543 -5.574582
6.303981 -5.553316
6.255695 -5.540352
6.191323 -5.523022
6.126957 -5.505665
6.110866 -5.501324
6.046504 -5.483949
5.998235 -5.470911
5.949966 -5.457869
5.869520 -5.436124
5.821255 -5.423073
5.756901 -5.405667
5.724724 -5.396963
5.660330 -5.379702
5.579548 -5.359212
5.547093 -5.351585
5.481922 -5.337592
5.449240 -5.331106
5.400174 -5.321528
5.302008 -5.302492
5.252919 -5.292999
5.220192 -5.286675
5.121861 -5.268438
5.072486 -5.260526
5.039509 -5.255759
4.940438 -5.242256
4.890843 -5.235890
4.857748 -5.231910
4.808059 -5.226347
4.742146 -5.219731
4.669831 -5.213807
4.632909 -5.211843
4.580089 -5.211059
4.554144 -5.211493
4.533125 -5.212076
4.506571 -5.212865
4.494904 -5.213223
4.480921 -5.213649
4.468931 -5.214798
4.443016 -5.218800
4.415297 -5.224460
4.397316 -5.228906
4.365188 -5.238774
4.342026 -5.246892
4.318752 -5.255795
4.292331 -5.266422
4.255556 -5.281758
4.213686 -5.299560
4.177290 -5.314849
4.127956 -5.334826
4.088957 -5.350156
4.018718 -5.375574
3.972900 -5.390873
3.925092 -5.405042
3.844521 -5.426075
3.795992 -5.438083
3.747441 -5.450021
3.666507 -5.469864
3.617942 -5.481753
3.569769 -5.493538
3.526131 -5.504210
3.475658 -5.516547
3.443280 -5.524455
3.415024 -5.531352
3.391512 -5.537084
3.369683 -5.542402
3.342299 -5.549072
3.323629 -5.553593
3.296958 -5.559772
3.273463 -5.564943
3.248414 -5.569870
3.200007 -5.578438
3.179924 -5.581818
3.138118 -5.588675
3.117805 -5.591677
3.097666 -5.594570
3.064093 -5.599361
3.043946 -5.602227
3.020455 -5.605563
2.987198 -5.610281
2.958730 -5.614317
2.928801 -5.618556
2.871967 -5.626603
2.827270 -5.632929
2.798895 -5.636945
2.771770 -5.640783
2.730159 -5.646670
2.672340 -5.654845
2.660211 -5.656559
2.595937 -5.665645
2.540831 -5.673435
2.495945 -5.679780
2.434269 -5.688499
2.391304 -5.694572
2.341823 -5.701566
2.310281 -5.705885
2.282371 -5.709391
2.252445 -5.712807
2.235289 -5.714404
2.217075 -5.715832
2.202380 -5.716912
2.192018 -5.717657
2.182712 -5.713801
2.172073 -5.709243
2.158097 -5.703245
2.144515 -5.697408
2.128023 -5.690320
2.110759 -5.682897
2.098499 -5.677619
2.087590 -5.672923
2.061484 -5.661686
2.047312 -5.655587
2.021523 -5.644390
1.998574 -5.633759
1.963027 -5.616677
1.936148 -5.603508
1.900374 -5.585738
1.873184 -5.572043
1.832061 -5.551200
1.797621 -5.533644
1.725283 -5.495514
1.712156 -5.488479
1.654955 -5.457763
1.611004 -5.434124
1.552357 -5.402559
1.499089 -5.373882
1.463923 -5.354943
1.424338 -5.333605
1.397357 -5.319049
1.368095 -5.303222
1.346653 -5.291475
1.332894 -5.283824
1.319871 -5.276562
1.306807 -5.269018
1.308620 -5.250523
1.310787 -5.237453
1.314272 -5.219396
1.317334 -5.204808
1.322701 -5.180325
1.327014 -5.160891
1.338299 -5.109488
1.344232 -5.080187
1.351688 -5.040947
1.357635 -5.007968
1.361717 -4.985106
1.372465 -4.924251
1.376881 -4.898050
1.387830 -4.828698
1.397722 -4.764557
1.407802 -4.698786
1.415352 -4.649408
1.425411 -4.583549
1.432952 -4.534145
1.445515 -4.451797
1.455562 -4.385912
1.463081 -4.336486
1.472614 -4.270504
1.479206 -4.220942
1.489104 -4.138203
1.494495 -4.088504
1.501566 -4.022217
1.506840 -3.972498
1.515601 -3.889628
1.520846 -3.839905
1.527831 -3.773606
1.533064 -3.723881
1.538293 -3.674156
1.545261 -3.607855
1.550483 -3.558129
1.555703 -3.508402
1.562659 -3.442100
1.567874 -3.392373
1.574825 -3.326070
1.580036 -3.276342
1.586981 -3.210039
1.592189 -3.160311
1.595660 -3.127159
1.604335 -3.044279
1.609116 -2.998056
1.614332 -2.943263
1.617387 -2.906693
1.619530 -2.874839
1.621025 -2.839660
1.620996 -2.816717
1.620463 -2.797514
1.619361 -2.782044
1.616947 -2.762790
1.606016 -2.756078
1.587891 -2.757903
1.569536 -2.760857
1.547041 -2.765543
1.535606 -2.768234
1.524024 -2.779354
1.513957 -2.792721
1.500176 -2.811678
1.488546 -2.827770
1.477781 -2.842690
1.466152 -2.858813
1.447545 -2.884616
1.432974 -2.904822
1.416304 -2.927947
1.398845 -2.952167
1.372540 -2.988661
1.352134 -3.016973
1.329640 -3.048184
1.298570 -3.091295
1.273235 -3.126450
1.247000 -3.162855
1.215496 -3.206570
1.194341 -3.235919
1.175612 -3.261903
1.154189 -3.291622
1.136424 -3.316268
1.117810 -3.342091
1.081373 -3.392637
1.048851 -3.437746
1.024359 -3.471721
1.000102 -3.505370
0.965627 -3.552889
0.942857 -3.583340
0.927811 -3.602331
0.912246 -3.621205
0.903518 -3.630681
0.888288 -3.645149
0.875552 -3.647834
0.863653 -3.648122
0.843630 -3.648605
0.819226 -3.649195
0.806458 -3.649502
0.795978 -3.649743
0.776461 -3.650216
0.761931 -3.650566
0.780092 -3.650328
0.792050 -3.650136
0.806842 -3.649898
0.823790 -3.649624
0.850250 -3.649198
0.888573 -3.648579
0.913490 -3.648176
0.961887 -3.647393
0.982787 -3.647055
1.016890 -3.646502
1.075598 -3.645550
1.115145 -3.644908
1.154575 -3.644268
1.210406 -3.643362
1.237995 -3.642916
1.254025 -3.642657
1.282784 -3.642192
1.298903 -3.641934
1.317241 -3.641653
1.333266 -3.641407
1.338040 -3.656526
1.338804 -3.676662
1.339545 -3.696145
1.340130 -3.711531
1.340873 -3.731087
1.341958 -3.759656
1.342899 -3.784463
1.344236 -3.819690
1.345367 -3.849494
1.346520 -3.879864
1.348274 -3.926033
1.349616 -3.961406
1.351621 -4.014212
1.353269 -4.057602
1.354972 -4.102450
1.357445 -4.167580
1.359339 -4.217457
1.362042 -4.284066
1.364571 -4.334001
1.367722 -4.383910
1.373418 -4.450333
1.383405 -4.533084
1.385884 -4.549566
1.401197 -4.631501
1.408820 -4.663950
1.424808 -4.722293
1.437678 -4.760461
1.449940 -4.793200
1.468135 -4.836736
1.480388 -4.863538
1.488188 -4.879945
1.494486 -4.893111
1.500191 -4.905029
1.505469 -4.916454
1.511413 -4.931616
1.520433 -4.955012
1.525768 -4.968844
1.531308 -4.983211
1.543126 -5.013855
1.548634 -5.028139
1.563547 -5.066805
1.584524 -5.121192
1.596631 -5.152458
1.613875 -5.195663
1.639131 -5.255595
1.654749 -5.290214
1.669337 -5.320298
1.683778 -5.347835
1.696999 -5.371751
1.715072 -5.402930
1.723415 -5.416985
1.730222 -5.428406
1.736576 -5.439065
1.741829 -5.447875
1.759917 -5.464089
1.779119 -5.480047
1.793365 -5.491148
1.805784 -5.500453
1.813917 -5.506444
1.828263 -5.516958
1.846321 -5.529883
1.860215 -5.539721
1.872580 -5.548460
1.887235 -5.558824
1.896873 -5.565589
1.908606 -5.573391
1.933158 -5.588473
1.952789 -5.600156
1.963883 -5.606736
1.986805 -5.620298
1.997813 -5.626621
2.007059 -5.631833
2.024768 -5.641754
2.034451 -5.647144
2.047287 -5.654260
2.061397 -5.661925
2.091367 -5.677488
2.112110 -5.687606
2.135848 -5.698261
2.179408 -5.715798
2.208813 -5.725829
2.265180 -5.741544
2.300556 -5.748776
2.339619 -5.754803
2.394116 -5.759081
2.453848 -5.758904
2.516787 -5.752617
2.565573 -5.743068
2.645049 -5.718733
2.691376 -5.700100
2.766244 -5.663772
2.810030 -5.639713
2.853199 -5.614544
2.924135 -5.570796
2.965841 -5.543213
3.006810 -5.514510
3.072809 -5.463642
3.110991 -5.431420
3.148521 -5.398414
3.185638 -5.364935
3.247276 -5.308859
3.284008 -5.274935
3.320412 -5.240656
3.356345 -5.205876
3.414694 -5.146383
3.448743 -5.109777
3.481969 -5.072384
3.524211 -5.020783
3.554036 -4.980623
3.599270 -4.910659
3.623507 -4.866878
3.645113 -4.821785
3.664090 -4.775603
3.691143 -4.696827
3.704531 -4.648644
3.715586 -4.599873
3.728118 -4.517478
3.731919 -4.467692
3.733516 -4.417769
3.732718 -4.334500
3.730991 -4.284546
3.727091 -4.201323
3.724648 -4.151385
3.722182 -4.101447
3.719703 -4.051509
3.715549 -3.968280
3.713049 -3.918343
3.710544 -3.868406
3.706358 -3.785179
3.703842 -3.735243
3.699643 -3.652016
3.697121 -3.602079
3.694596 -3.552143
3.691228 -3.485562
3.688699 -3.435626
3.684045 -3.352423
3.680634 -3.302541
3.673858 -3.219488
3.669204 -3.169715
3.661218 -3.086771
3.656389 -3.037007
3.651547 -2.987243
3.645078 -2.920892
3.640218 -2.871130
3.635352 -2.821368
3.628859 -2.755018
3.622359 -2.688670
3.615854 -2.622322
3.610973 -2.572561
3.606090 -2.522800
3.597946 -2.439866
3.593058 -2.390106
3.588168 -2.340346
3.580014 -2.257413
3.575120 -2.207653
3.570225 -2.157893
3.565313 -2.108135
3.556381 -2.025282
3.550447 -1.975646
3.544386 -1.926018
3.538222 -1.876399
3.531414 -1.826857
3.517832 -1.744620
3.514687 -1.728249
3.496675 -1.646920
3.484626 -1.598413
3.463839 -1.517728
3.451293 -1.469329
3.438607 -1.420964
3.421021 -1.356660
3.407280 -1.308586
3.393096 -1.260649
3.378751 -1.212754
3.354804 -1.132938
3.345507 -1.100923
3.332294 -1.052715
3.315395 -0.988242
3.302820 -0.939852
3.281919 -0.859185
3.269395 -0.810780
3.256880 -0.762372
3.240378 -0.697780
3.224634 -0.633003
3.213228 -0.584331
3.201895 -0.535636
3.183061 -0.454462
3.171777 -0.405753
3.152988 -0.324567
3.141769 -0.275842
3.130904 -0.227036
3.120637 -0.178092
3.105598 -0.096145
3.097402 -0.046835
3.089307 0.002501
3.075886 0.084744
3.067854 0.134094
3.059832 0.183445
3.051834 0.232801
3.041680 0.298690
3.034517 0.348164
3.027437 0.397657
3.020387 0.447155
3.013352 0.496656
3.001651 0.579162
2.994639 0.628667
2.987633 0.678173
2.980630 0.727680
2.969296 0.810239
2.963082 0.859855
2.957627 0.909574
2.952512 0.976077
2.950823 1.026060
2.951120 1.076051
2.954830 1.142670
2.960452 1.192358
2.975283 1.274300
2.987589 1.322826
3.013665 1.400109
3.031491 1.440598
3.056725 1.486856
3.076277 1.515885
3.094541 1.538936
3.121545 1.565672
3.148543 1.586966
3.166266 1.597763
3.186776 1.607210
3.198190 1.611072
3.186455 1.625459
3.174742 1.637111
3.158700 1.662315
3.153166 1.676107
3.147857 1.693642
3.143948 1.713191
3.141183 1.734876
3.140026 1.776227
3.141675 1.804720
3.147059 1.846095
3.153870 1.881289
3.169286 1.945290
3.176309 1.970975
3.191814 2.023014
3.209947 2.079742
3.229933 2.140630
3.250747 2.203829
3.266388 2.251272
3.282039 2.298725
3.297696 2.346184
3.318579 2.409466
3.339642 2.472718
3.355913 2.519995
3.372647 2.567109
3.389848 2.614060
3.413937 2.676229
3.433201 2.722391
3.475885 2.812847
3.499702 2.856814
3.534078 2.913873
3.570717 2.969501
3.599088 3.010643
3.637381 3.065199
3.666170 3.106075
3.704586 3.160557
3.733402 3.201417
3.762007 3.242427
3.799308 3.297692
3.835154 3.353899
3.860941 3.396755
3.908524 3.484720
3.929818 3.529958
3.949214 3.576080
3.976284 3.654917
3.988819 3.703312
3.998431 3.752342
4.004951 3.801954
4.008051 3.885225
4.004704 3.935183
3.993391 4.000843
3.979813 4.048883
3.961954 4.095534
3.922518 4.168924
3.893266 4.209381
3.848296 4.258353
3.797215 4.300885
3.755432 4.328103
3.695887 4.357635
3.648943 4.374422
3.567922 4.392719
3.518389 4.398692
3.435263 4.402177
3.385324 4.401231
3.335425 4.398612
3.285633 4.394493
3.235904 4.389481
3.169667 4.382063
3.119996 4.376377
3.070326 4.370662
2.987540 4.361130
2.937833 4.355729
2.888065 4.350842
2.838222 4.346822
2.788295 4.343824
2.721648 4.342014
2.671641 4.342392
2.621654 4.344466
2.538651 4.352386
2.489254 4.360231
2.424095 4.374703
2.376101 4.388874
2.298443 4.419322
2.253698 4.441883
2.210864 4.467810
2.144412 4.518444
2.108234 4.553199
2.075127 4.591257
2.036845 4.646708
2.013049 4.691209
1.983419 4.769674
1.971942 4.818601
1.965340 4.868340
1.963682 4.918410
1.966988 4.968318
1.983429 5.049797
1.999697 5.096868
2.020582 5.141990
2.045872 5.184704
2.097099 5.249355
2.132766 5.283564
2.171684 5.313887
2.242645 5.354935
2.288141 5.373435
2.351197 5.390523
2.399617 5.397471
2.448413 5.399295
2.528288 5.391116
2.575111 5.380062
2.638078 5.358964
2.684005 5.339530
2.728559 5.317199
2.785896 5.283476
2.827198 5.255498
2.867156 5.225565
2.930875 5.172039
2.967515 5.138092
3.003109 5.103050
3.060997 5.043108
3.105606 4.993563
3.137916 4.955365
3.168907 4.916116
3.217053 4.848059
3.243436 4.805597
3.267791 4.761866
3.302854 4.686190
3.320010 4.639211
3.341768 4.558975
3.348401 4.526380
3.358907 4.460652
3.364992 4.411069
3.371636 4.344771
3.376222 4.294989
3.383615 4.211987
3.388001 4.162181
3.392371 4.112373
3.396729 4.062564
3.401078 4.012753
3.406869 3.946339
3.411205 3.896528
3.415539 3.846716
3.419868 3.796904
3.427078 3.713884
3.431401 3.664071
3.435652 3.614252
3.439514 3.564401
3.443872 3.497870
3.446727 3.431268
3.447601 3.397964
3.449386 3.314660
3.450390 3.264673
3.452026 3.181358
3.452993 3.131368
3.453955 3.081378
3.454910 3.031388
3.456177 2.964734
3.457123 2.914743
3.458066 2.864753
3.459632 2.781435
3.460567 2.731444
3.461501 2.681453
3.462360 2.631461
3.462866 2.564797
3.462311 2.498120
3.460117 2.431505
3.457777 2.381575
3.453630 2.298352
3.451104 2.248418
3.448564 2.198483
3.446014 2.148550
3.441749 2.065327
3.439183 2.015394
3.436613 1.965461
3.433181 1.898883
3.430564 1.848952
3.425315 1.765777
3.421116 1.715949
3.415936 1.666210
3.409571 1.616598
3.398865 1.550823
3.386344 1.485379
3.373096 1.420056
3.363078 1.371074
3.346334 1.289443
3.336271 1.240468
3.326200 1.191493
3.316135 1.142517
3.300066 1.060750
3.291099 1.011554
3.283011 0.962209
3.275942 0.912698
3.270249 0.863015
3.264332 0.779872
3.263364 0.729882
3.264139 0.683244
3.266920 0.641140
3.274531 0.582813
3.280346 0.554812
3.286823 0.531840
3.298046 0.502353
3.304229 0.490475
3.310248 0.480748
3.291799 0.474070
3.276991 0.474669
3.257094 0.475476
3.242146 0.476083
3.220238 0.476974
3.200428 0.477781
3.151966 0.479757
3.129009 0.480692
3.106313 0.481609
3.094344 0.482086
3.083477 0.482520
3.071035 0.483019
3.060927 0.483413
3.047378 0.483584
3.022335 0.483939
3.007511 0.484149
2.985615 0.484458
2.950581 0.484954
2.923853 0.485332
2.893498 0.485761
2.847334 0.486416
2.810346 0.486940
2.770525 0.487505
2.703964 0.488449
2.650681 0.489205
2.608709 0.489801
2.563887 0.490437
2.518497 0.491082
2.468935 0.491786
2.402374 0.492731
2.352420 0.493440
2.269142 0.494623
2.219169 0.495333
2.169192 0.496044
2.102553 0.496991
2.052572 0.497701
2.002589 0.498412
1.935944 0.499360
1.885959 0.500071
1.802649 0.501256
1.752663 0.501967
1.702675 0.502679
1.619362 0.503864
1.569375 0.504576
1.502722 0.505524
1.452733 0.506236
1.369418 0.507422
1.319428 0.508134
1.269439 0.508846
1.202785 0.509795
1.152794 0.510507
1.102803 0.511219
1.036149 0.512169
0.969495 0.513118
0.919504 0.513830
0.836186 0.515017
0.786196 0.515730
0.736205 0.516442
0.688250 0.517125
0.631675 0.517930
0.592102 0.518493
0.557151 0.518990
0.508480 0.519681
0.477543 0.520118
0.459732 0.520370
