-0.003833 0.007822
-0.003833 0.007822
-0.003351 0.007811
0.004824 0.007790
0.016438 0.007889
0.032962 0.008729
0.071460 0.012654
0.100449 0.017407
0.134531 0.024194
0.134531 0.024194
0.202085 0.040066
0.248813 0.052218
0.296818 0.065651
0.360728 0.084546
0.440258 0.109387
0.487808 0.124829
0.535248 0.140598
0.582637 0.156535
0.645777 0.177921
0.693141 0.193939
0.693141 0.193939
0.772186 0.220330
0.819745 0.235765
0.867422 0.250842
0.915224 0.265508
0.963171 0.279712
1.043443 0.302108
1.091832 0.314716
1.140389 0.326649
1.189116 0.337877
1.254330 0.351709
1.319805 0.364224
1.369067 0.372740
1.418449 0.380507
1.467944 0.387524
1.534093 0.395708
1.583809 0.400960
1.583809 0.400960
1.716754 0.411093
1.716754 0.411093
1.766706 0.413325
1.833366 0.414860
1.883368 0.414800
1.966672 0.412260
2.016592 0.409186
2.066405 0.404781
2.066405 0.404781
2.149096 0.394301
2.198387 0.385878
2.247373 0.375764
2.312036 0.359557
2.359994 0.345287
2.407290 0.329037
2.453856 0.310793
2.529409 0.275549
2.573195 0.251310
2.629321 0.215346
2.629321 0.215346
2.682628 0.175299
2.732710 0.131364
2.779275 0.083784
2.811764 0.045897
2.842173 0.006306
2.842173 0.006306
2.888288 -0.062921
2.913329 -0.106117
2.950752 -0.180458
2.970646 -0.226256
2.988889 -0.272760
3.010831 -0.335646
3.025840 -0.383310
3.039649 -0.431335
3.052401 -0.479657
3.071671 -0.560698
3.082247 -0.609554
3.092186 -0.658543
3.092186 -0.658543
3.104688 -0.724016
3.113546 -0.773217
3.122043 -0.822485
3.135482 -0.904721
3.143167 -0.954123
3.150620 -1.003562
3.160237 -1.069528
3.167245 -1.119032
3.178646 -1.201580
3.178646 -1.201580
3.191994 -1.300683
3.191994 -1.300683
3.198555 -1.350250
3.207190 -1.416355
3.213574 -1.465945
3.224021 -1.548621
3.230162 -1.598243
3.238187 -1.664425
3.244067 -1.714079
3.249815 -1.763747
3.259072 -1.846565
3.264421 -1.896278
3.269612 -1.946008
3.269612 -1.946008
3.276284 -2.012339
3.281100 -2.062105
3.285758 -2.111887
3.291725 -2.178285
3.296023 -2.228099
3.302864 -2.311149
3.306785 -2.360994
3.310575 -2.410849
3.315450 -2.477336
3.318981 -2.527210
3.323533 -2.593721
3.323533 -2.593721
3.326832 -2.643611
3.332121 -2.726776
3.334166 -2.760046
3.339105 -2.843231
3.342886 -2.909790
3.345627 -2.959714
3.345627 -2.959714
3.349164 -3.026286
3.351733 -3.076220
3.355865 -3.159450
3.358259 -3.209392
3.361360 -3.275986
3.364363 -3.342584
3.364363 -3.342584
3.368705 -3.442489
3.368705 -3.442489
3.373924 -3.559037
3.373924 -3.559037
3.376673 -3.608970
3.383338 -3.692055
3.389273 -3.741731
3.400559 -3.807477
3.412307 -3.856133
3.427459 -3.903832
3.453697 -3.965187
3.478196 -4.008832
3.506833 -4.049810
3.539367 -4.087679
3.588274 -4.132719
3.657021 -4.179314
3.657021 -4.179314
3.701571 -4.201721
3.763834 -4.224944
3.811975 -4.238018
3.877291 -4.250842
3.926805 -4.257322
4.009842 -4.263117
4.059786 -4.264410
4.093104 -4.264720
4.093104 -4.264720
4.176407 -4.264026
4.226393 -4.263176
4.293046 -4.261942
4.343037 -4.261011
4.409695 -4.259932
4.459698 -4.259579
4.543033 -4.260364
4.593019 -4.261790
4.642974 -4.264003
4.642974 -4.264003
4.709503 -4.268220
4.759327 -4.272332
4.809072 -4.277252
4.875273 -4.285001
4.924815 -4.291667
4.974264 -4.299012
5.040034 -4.309821
5.089247 -4.318619
5.171043 -4.334485
5.219992 -4.344656
5.268841 -4.355288
5.268841 -4.355288
5.333836 -4.370090
5.398681 -4.385540
5.447222 -4.397515
5.527952 -4.418157
5.576292 -4.430919
5.608483 -4.439564
5.688841 -4.461616
5.736985 -4.475104
5.785083 -4.488755
5.785083 -4.488755
5.849154 -4.507167
5.897168 -4.521117
5.977125 -4.544593
6.041039 -4.563550
6.088947 -4.577859
6.136835 -4.592232
6.200664 -4.611478
6.248520 -4.625961
6.248520 -4.625961
6.328261 -4.650163
6.360153 -4.659861
6.439873 -4.684134
6.487700 -4.698712
6.535525 -4.713297
6.583349 -4.727887
6.647112 -4.747344
6.694934 -4.761939
6.742756 -4.776532
6.806520 -4.795988
6.854345 -4.810573
6.902174 -4.825148
6.950006 -4.839710
7.013790 -4.859103
7.061634 -4.873629
7.061634 -4.873629
7.141385 -4.897798
7.189243 -4.912274
7.253063 -4.931548
7.300935 -4.945981
7.348812 -4.960395
7.396695 -4.974791
7.460546 -4.993958
7.508441 -5.008313
7.588277 -5.032202
7.636184 -5.046517
7.684108 -5.060775
7.716116 -5.070082
7.796573 -5.091855
7.796573 -5.091855
7.845258 -5.103323
7.910758 -5.115862
7.960270 -5.122918
8.026684 -5.128888
8.076660 -5.130636
8.159947 -5.127603
8.209657 -5.121781
8.242501 -5.116049
8.323130 -5.095024
8.370026 -5.077807
8.370026 -5.077807
8.430359 -5.049712
8.487845 -5.016011
8.528607 -4.987036
8.591125 -4.932178
8.625484 -4.895965
8.657510 -4.857678
8.697134 -4.804153
8.697134 -4.804153
8.750570 -4.719750
8.865450 -4.378322
8.865442 -4.378306
8.865012 -4.378198
8.859999 -4.377280
8.773674 -4.378942
8.773672 -4.378943
8.773064 -4.375637
8.772269 -4.367376
8.772960 -4.349412
8.772960 -4.349412
8.775505 -4.329691
8.785912 -4.289386
8.800669 -4.248873
8.822093 -4.200951
8.835736 -4.173694
8.859033 -4.131352
9.062946 -3.828081
9.062958 -3.828078
9.062967 -3.828076
9.062967 -3.828076
9.066504 -3.831749
9.072316 -3.839114
9.082593 -3.856130
9.088054 -3.867977
9.099911 -3.898844
9.108517 -3.928923
9.120547 -3.990210
9.120547 -3.990210
9.126518 -4.033406
9.130157 -4.064929
9.139045 -4.164271
9.142938 -4.214110
9.146531 -4.263984
9.150455 -4.330536
9.152710 -4.380489
9.154181 -4.430478
9.154433 -4.497171
9.153576 -4.530505
9.153576 -4.530505
9.146600 -4.630292
9.140182 -4.679891
9.128222 -4.745509
9.112242 -4.810244
9.097372 -4.858048
9.066201 -4.935445
9.066201 -4.935445
9.051262 -4.965291
9.007409 -5.036387
8.965371 -5.088430
8.929847 -5.124018
8.877648 -5.166085
8.877648 -5.166085
8.835032 -5.193261
8.758951 -5.228912
8.710979 -5.244180
8.661818 -5.254664
8.595244 -5.261027
8.545174 -5.260020
8.479159 -5.250985
8.430846 -5.238522
8.384100 -5.221312
8.339393 -5.199528
8.270641 -5.153668
8.270641 -5.153668
8.245764 -5.132444
8.190445 -5.073287
8.161462 -5.033703
8.127232 -4.977077
8.104551 -4.932696
8.083874 -4.887264
8.064676 -4.841156
8.040247 -4.779160
8.009579 -4.701674
8.009579 -4.701674
7.996545 -4.670972
7.975478 -4.625587
7.934811 -4.552795
7.906556 -4.511490
7.863961 -4.460159
7.828404 -4.424997
7.789768 -4.393162
7.781538 -4.384929
7.773411 -4.378771
7.773411 -4.378771
7.763106 -4.366280
7.746049 -4.379051
7.719507 -4.400812
7.696487 -4.421153
7.670244 -4.448011
7.639811 -4.472177
7.598760 -4.506017
7.546956 -4.549831
7.546956 -4.549831
7.483143 -4.604751
7.483143 -4.604751
7.439681 -4.640075
7.407103 -4.665111
7.373242 -4.693468
7.334234 -4.742525
7.310965 -4.783352
7.293932 -4.826779
7.275673 -4.888770
7.266497 -4.937706
7.258503 -5.020489
7.258503 -5.020489
7.257220 -5.070406
7.258257 -5.137006
7.260171 -5.186945
7.263007 -5.253545
7.264628 -5.303529
7.264522 -5.370247
7.261749 -5.420246
7.261749 -5.420246
7.249817 -5.502965
7.237131 -5.551835
7.213035 -5.614707
7.181077 -5.673816
7.152266 -5.715073
7.095840 -5.776802
7.095840 -5.776802
7.093920 -5.779422
7.226942 -5.776195
7.258895 -5.777437
7.317113 -5.783121
7.343001 -5.788851
7.356910 -5.772346
7.346963 -5.727007
7.337556 -5.699948
7.325036 -5.673419
7.302876 -5.639822
7.302876 -5.639822
7.281818 -5.616828
7.247580 -5.590687
7.217366 -5.575543
7.152973 -5.548943
7.124669 -5.536532
7.046627 -5.513488
6.997711 -5.503860
6.948326 -5.496410
6.948326 -5.496410
6.882163 -5.488601
6.832420 -5.483694
6.766006 -5.478049
6.682904 -5.472018
6.633020 -5.468674
6.599759 -5.466537
6.549863 -5.463348
6.466708 -5.457897
6.416832 -5.454383
6.416832 -5.454383
6.350356 -5.449305
6.300529 -5.445148
6.250729 -5.440677
6.184377 -5.434221
6.134652 -5.429005
6.084962 -5.423468
6.002227 -5.413547
5.969161 -5.409344
5.886568 -5.398303
5.837059 -5.391336
5.787579 -5.384160
5.738125 -5.376801
5.672215 -5.366794
5.672215 -5.366794
5.622801 -5.359169
5.556931 -5.348907
5.507534 -5.341166
5.458139 -5.333408
5.408747 -5.325645
5.326408 -5.312803
5.276976 -5.305287
5.244001 -5.300395
5.161450 -5.288984
5.095265 -5.280923
5.045539 -5.275688
4.995737 -5.271184
4.929222 -5.266581
4.929222 -5.266581
4.879264 -5.264323
4.829276 -5.263162
4.762618 -5.263337
4.679365 -5.266327
4.629483 -5.269552
4.563104 -5.275472
4.513428 -5.281017
4.463852 -5.287406
4.463852 -5.287406
4.397905 -5.297072
4.315711 -5.310707
4.266517 -5.319607
4.201072 -5.332268
4.152098 -5.342309
4.152098 -5.342309
4.070651 -5.359898
4.038130 -5.367196
4.038130 -5.367196
4.038130 -5.367196
4.038130 -5.367196
4.038130 -5.367196
3.843373 -5.412642
3.778516 -5.428063
3.713681 -5.443578
3.648861 -5.459148
3.584010 -5.474605
3.584010 -5.474605
3.535326 -5.486005
3.470341 -5.500886
3.405269 -5.515382
3.356409 -5.525995
3.307501 -5.536384
3.242217 -5.549884
3.176852 -5.562984
3.176852 -5.562984
3.111409 -5.575691
3.062280 -5.584968
3.045894 -5.588012
2.930978 -5.608170
2.898056 -5.613390
2.898056 -5.613390
2.898056 -5.613390
2.749293 -5.632574
2.682882 -5.638284
2.616350 -5.642222
2.599691 -5.642929
2.499685 -5.644403
2.449692 -5.643207
2.449692 -5.643207
2.383136 -5.639493
2.333342 -5.635116
2.267181 -5.627162
2.217774 -5.619627
2.152252 -5.607525
2.103398 -5.596984
2.038672 -5.581004
2.038672 -5.581004
1.958763 -5.557252
1.911620 -5.540491
1.850039 -5.514841
1.805091 -5.492894
1.747099 -5.459915
1.705429 -5.432232
1.705429 -5.432232
1.640055 -5.380479
1.592125 -5.334142
1.569765 -5.309414
1.518999 -5.243467
1.492230 -5.201356
1.461019 -5.142663
1.440902 -5.097019
1.423622 -5.050225
1.423622 -5.050225
1.404930 -4.986380
1.394121 -4.937684
1.383489 -4.871988
1.378241 -4.822353
1.374285 -4.755872
1.373398 -4.705937
1.374425 -4.639324
1.374425 -4.639324
1.376712 -4.589412
1.381342 -4.522934
1.385903 -4.473163
1.395266 -4.390383
1.404093 -4.324320
1.411312 -4.274855
1.421442 -4.208970
1.429323 -4.159600
1.437341 -4.110250
1.448173 -4.044471
1.456341 -3.995144
1.456341 -3.995144
1.464525 -3.945818
1.475434 -3.880050
1.489000 -3.797829
1.497060 -3.748482
1.505032 -3.699122
1.505032 -3.699122
1.515487 -3.633279
1.528045 -3.550896
1.535174 -3.501402
1.541767 -3.451837
1.549347 -3.385583
1.550867 -3.368974
1.555340 -3.269033
1.553567 -3.219015
1.553567 -3.219015
1.548368 -3.169219
1.534991 -3.103817
1.519487 -3.056285
1.499353 -3.010598
1.465636 -2.953295
1.435504 -2.913559
1.389439 -2.865647
1.350919 -2.833982
1.295002 -2.798056
1.295002 -2.798056
1.250191 -2.776183
1.171371 -2.750028
1.105865 -2.738784
1.039445 -2.736371
0.989743 -2.740389
0.940693 -2.749362
0.877157 -2.768872
0.877157 -2.768872
0.846736 -2.783225
0.866319 -2.776637
0.878567 -2.769441
0.859622 -2.795586
0.851364 -2.811052
0.854808 -2.828668
0.854808 -2.828668
0.854824 -2.841030
0.856376 -2.860327
0.853036 -2.875189
0.851347 -2.890216
0.844221 -2.906647
0.844221 -2.906647
0.841005 -2.921226
0.838037 -2.941174
0.840690 -2.947919
0.922952 -2.885095
0.941224 -2.872290
0.969431 -2.845463
1.000896 -2.818841
1.000785 -2.808226
0.993827 -2.810479
0.990712 -2.819269
0.995321 -2.840405
1.003911 -2.877224
1.003911 -2.877224
1.010354 -2.907669
1.031173 -2.963267
1.059975 -3.016742
1.084683 -3.053383
1.121696 -3.107535
1.149860 -3.148852
1.186168 -3.204803
1.211512 -3.247974
1.211512 -3.247974
1.248070 -3.323059
1.265423 -3.370245
1.278544 -3.418589
1.287330 -3.467800
1.292387 -3.550176
1.290494 -3.599839
1.285830 -3.649485
1.279150 -3.698955
1.279150 -3.698955
1.268425 -3.764702
1.259920 -3.813963
1.246881 -3.896285
1.241055 -3.945963
1.236415 -4.012490
1.235541 -4.062468
1.235541 -4.062468
1.239019 -4.145654
1.245910 -4.211907
1.253213 -4.261331
1.265435 -4.326826
1.276368 -4.375581
1.288560 -4.424048
1.306646 -4.488180
1.306646 -4.488180
1.321371 -4.535945
1.342409 -4.599181
1.359117 -4.646294
1.376566 -4.693138
1.407245 -4.770600
1.433250 -4.831994
1.453682 -4.877628
1.474974 -4.922881
1.504895 -4.982456
1.544936 -5.055552
1.544936 -5.055552
1.570490 -5.098543
1.597275 -5.140769
1.625299 -5.182181
1.664633 -5.236012
1.695627 -5.275261
1.727933 -5.313427
1.761571 -5.350443
1.796640 -5.386091
1.833149 -5.420278
1.897223 -5.473533
1.937553 -5.503115
1.979313 -5.530620
2.022489 -5.555892
2.082082 -5.585725
2.128162 -5.605114
2.207175 -5.631423
2.255645 -5.643494
2.304721 -5.652724
2.354257 -5.659092
2.420706 -5.663136
2.420706 -5.663136
2.470649 -5.662852
2.553598 -5.656201
2.602964 -5.648614
2.651852 -5.638423
2.700189 -5.625834
2.747855 -5.610924
2.794802 -5.593848
2.871271 -5.560939
2.916039 -5.538755
2.959924 -5.514876
3.017075 -5.480642
3.058851 -5.453230
3.099671 -5.424405
3.139496 -5.394218
3.139496 -5.394218
3.203560 -5.341009
3.240546 -5.307415
3.276393 -5.272614
3.333511 -5.211989
3.366120 -5.174096
3.397402 -5.135096
3.397402 -5.135096
3.446432 -5.067720
3.473866 -5.025930
3.499756 -4.983179
3.524065 -4.939521
3.546762 -4.895010
3.580989 -4.819094
3.599366 -4.772626
3.616166 -4.725563
3.636190 -4.662018
3.636190 -4.662018
3.649529 -4.613857
3.665158 -4.549086
3.678499 -4.483799
3.687059 -4.434555
3.694416 -4.385122
3.700713 -4.335537
3.705989 -4.285834
3.712734 -4.202799
3.715624 -4.152897
3.715624 -4.152897
3.718706 -4.069641
3.719616 -4.019661
3.719933 -3.969671
3.719244 -3.886353
3.718165 -3.836371
3.718165 -3.836371
3.716027 -3.769747
3.713993 -3.719794
3.711617 -3.669854
3.706950 -3.586657
3.703778 -3.536761
3.700348 -3.486881
3.696684 -3.437019
3.696684 -3.437019
3.690139 -3.353946
3.685985 -3.304121
3.681680 -3.254308
3.675724 -3.187909
3.671107 -3.138124
3.666385 -3.088349
3.658318 -3.005408
3.653385 -2.955653
3.648399 -2.905902
3.643368 -2.856156
3.643368 -2.856156
3.636599 -2.789835
3.629768 -2.723519
3.624608 -2.673787
3.617677 -2.607481
3.610668 -2.541184
3.610668 -2.541184
3.603540 -2.474899
3.598062 -2.425200
3.588590 -2.342406
3.582666 -2.292757
3.576536 -2.243133
3.576536 -2.243133
3.565764 -2.160497
3.558914 -2.110967
3.546787 -2.028521
3.539066 -1.979119
3.530992 -1.929775
3.530992 -1.929775
3.516720 -1.847675
3.507669 -1.798503
3.491787 -1.716703
3.481790 -1.667716
3.471464 -1.618799
3.471464 -1.618799
3.460872 -1.569937
3.442695 -1.488614
3.431517 -1.439882
3.412475 -1.358756
3.400827 -1.310134
3.389052 -1.261541
3.389052 -1.261541
3.369208 -1.180607
3.357212 -1.132068
3.341136 -1.067370
3.329031 -1.018857
3.304765 -0.921847
3.304765 -0.921847
3.280494 -0.824837
3.280494 -0.824837
3.268408 -0.776319
3.252435 -0.711594
3.244522 -0.679213
3.232764 -0.630615
3.217322 -0.565760
3.198454 -0.484591
3.187374 -0.435834
3.180093 -0.403305
3.169336 -0.354476
3.158786 -0.305602
3.145047 -0.240367
3.134994 -0.191389
3.125154 -0.142368
3.112370 -0.076941
3.099959 -0.011442
3.090889 0.037726
3.090889 0.037726
3.079108 0.103341
3.070506 0.152594
3.059353 0.218320
3.053918 0.251207
3.040821 0.333507
3.030945 0.399441
3.021731 0.465471
3.021731 0.465471
3.017438 0.498533
3.009769 0.564761
3.002059 0.647746
2.998572 0.697626
2.996024 0.747575
2.994389 0.814243
2.995428 0.880912
2.995428 0.880912
3.000553 0.964029
3.000553 0.964029
3.010646 1.063469
3.016893 1.113064
3.023759 1.162575
3.031006 1.212039
3.038603 1.261453
3.046535 1.310815
3.057624 1.376551
3.066332 1.425786
3.081609 1.507706
3.091250 1.556767
3.091250 1.556767
3.104676 1.622067
3.115180 1.670950
3.126056 1.719749
3.145012 1.800892
3.156893 1.849458
3.173342 1.914062
3.186140 1.962395
3.199336 2.010620
3.222258 2.090740
3.222258 2.090740
3.236602 2.138643
3.251440 2.186392
3.266797 2.233979
3.288145 2.297137
3.304834 2.344274
3.334028 2.422329
3.352403 2.468832
3.371433 2.515066
3.391117 2.561022
3.411451 2.606691
3.439544 2.667135
3.439544 2.667135
3.461304 2.712140
3.498591 2.786648
3.521473 2.831097
3.544681 2.875379
3.576035 2.934203
3.599683 2.978254
3.599683 2.978254
3.639100 3.051673
3.662522 3.095849
3.700866 3.169840
3.723355 3.214503
3.723355 3.214503
3.752293 3.274565
3.833120 3.475461
3.833120 3.475461
3.853090 3.539085
3.866271 3.587315
3.877759 3.636013
3.891699 3.718214
3.896215 3.768045
3.897485 3.818045
3.891508 3.901166
3.891508 3.901166
3.882640 3.950409
3.869536 3.998657
3.845457 4.060833
3.822476 4.105202
3.775375 4.173679
3.742231 4.210954
3.705844 4.245044
3.666682 4.275946
3.610826 4.312042
3.610826 4.312042
3.566729 4.335398
3.490108 4.367749
3.442729 4.383492
3.362083 4.404016
3.312968 4.413013
3.263506 4.420077
3.263506 4.420077
3.213735 4.425197
3.147056 4.427816
3.097032 4.425637
3.047383 4.419081
2.998683 4.407703
2.920947 4.378218
2.877082 4.354480
2.822716 4.316240
2.785556 4.282989
2.785556 4.282989
2.731602 4.219857
2.704547 4.177970
2.681822 4.133585
2.663654 4.087148
2.650225 4.039125
2.639919 3.973464
2.637989 3.923637
2.645864 3.840965
2.657019 3.792390
2.672423 3.744947
2.672423 3.744947
2.691711 3.698952
2.730597 3.625437
2.757006 3.583058
2.785176 3.541801
2.814885 3.501642
2.866434 3.436224
2.866434 3.436224
2.897806 3.397300
2.929197 3.358384
2.960298 3.319231
3.010694 3.252845
3.039808 3.212189
3.067976 3.170860
3.095088 3.128845
3.121119 3.086157
3.162017 3.013560
3.185017 2.969174
3.185017 2.969174
3.220721 2.893911
3.240550 2.848032
3.259174 2.801655
3.276599 2.754812
3.292827 2.707542
3.317243 2.627905
3.330339 2.579673
3.342297 2.531143
3.356506 2.466036
3.365905 2.416945
3.374244 2.367661
3.374244 2.367661
3.385829 2.285167
3.391406 2.235494
3.395970 2.185718
3.399536 2.135860
3.402773 2.069292
3.404318 2.002663
3.404248 1.936017
3.403210 1.886040
3.401361 1.836086
3.398760 1.786170
3.394336 1.719664
3.394336 1.719664
3.390356 1.669833
3.382726 1.586862
3.377659 1.537124
3.372315 1.487417
3.363186 1.404590
3.359488 1.371463
3.350407 1.288627
3.345169 1.238907
3.339874 1.189190
3.339874 1.189190
3.334228 1.139502
3.327636 1.089924
3.319565 1.040551
3.302152 0.959047
3.289035 0.910749
3.273457 0.863195
3.241179 0.786244
3.217669 0.742047
3.190951 0.699626
3.161053 0.659456
3.128065 0.621786
3.128065 0.621786
3.079716 0.576060
3.040515 0.545314
2.999066 0.517727
2.925707 0.478911
2.879642 0.460076
2.832359 0.444328
2.784143 0.431643
2.735273 0.421800
2.669402 0.412332
2.619685 0.407531
2.569825 0.404491
2.486581 0.402657
2.436613 0.403096
2.369998 0.405029
2.320073 0.407395
2.320073 0.407395
2.253541 0.411391
2.187049 0.416086
2.120590 0.421276
2.070768 0.425448
2.004360 0.431277
1.954563 0.435750
1.954563 0.435750
1.888170 0.441785
1.805182 0.449361
1.755388 0.453882
1.688985 0.459812
1.688985 0.459812
1.622567 0.465572
1.572741 0.469740
1.522902 0.473759
1.456429 0.478862
1.406560 0.482486
1.356679 0.485929
1.306787 0.489189
1.240245 0.493249
1.190327 0.496087
1.107109 0.500439
1.057168 0.502846
1.057168 0.502846
1.007221 0.505111
0.973919 0.506550
0.890656 0.509925
